<Qucs Dataset 0.0.19>
<indep frequency 201>
  +1.00000000000000000000e+06
  +1.04526278963772184215e+06
  +1.09257429940123204142e+06
  +1.14202726007861131802e+06
  +1.19371859971209289506e+06
  +1.24774963357749721035e+06
  +1.30422626276265969500e+06
  +1.36325918173407809809e+06
  +1.42496409529859991744e+06
  +1.48946194538540695794e+06
  +1.55687914809277839959e+06
  +1.62734784146425733343e+06
  +1.70100614447985449806e+06
  +1.77799842776991822757e+06
  +1.85847559658226789907e+06
  +1.94259538655721023679e+06
  +2.03052267289015767165e+06
  +2.12242979348780959845e+06
  +2.21849688675128109753e+06
  +2.31891224464824469760e+06
  +2.42387268176609557122e+06
  +2.53358392106949444860e+06
  +2.64826099711837712675e+06
  +2.76812867753672972322e+06
  +2.89342190355821931735e+06
  +3.02438625051215104759e+06
  +3.16127840915230056271e+06
  +3.30436668877203250304e+06
  +3.45393154309181636199e+06
  +3.61026611994987213984e+06
  +3.77367683587335702032e+06
  +3.94448397665623575449e+06
  +4.12302232512099109590e+06
  +4.30964181729457341135e+06
  +4.50470822828470543027e+06
  +4.70860388920086994767e+06
  +4.92172843652512691915e+06
  +5.14449959540155716240e+06
  +5.37735399837956111878e+06
  +5.62074804121577832848e+06
  +5.87515877741196285933e+06
  +6.14108485324217565358e+06
  +6.41904748510187584907e+06
  +6.70959148109458759427e+06
  +7.01328630885842256248e+06
  +7.33072721172539424151e+06
  +7.66253637540124356747e+06
  +8.00936414745241962373e+06
  +8.37189031199047155678e+06
  +8.75082542205217480659e+06
  +9.14691219228694774210e+06
  +9.56092695468114316463e+06
  +9.99368118017250113189e+06
  +1.04460230691371075809e+07
  +1.09188392138662450016e+07
  +1.14130563362915795296e+07
  +1.19296431043646149337e+07
  +1.24696120306505654007e+07
  +1.30340214568579047918e+07
  +1.36239776281932201236e+07
  +1.42406368616071548313e+07
  +1.48852078121812622994e+07
  +1.55589538420977909118e+07
  +1.62631954968356918544e+07
  +1.69993130934461057186e+07
  +1.77687494259805232286e+07
  +1.85730125933740735054e+07
  +1.94136789553267173469e+07
  +2.02923962219759300351e+07
  +2.12108866834165267646e+07
  +2.21709505853975676000e+07
  +2.31744696578127369285e+07
  +2.42234108029000721872e+07
  +2.53198299503798633814e+07
  +2.64658760870867855847e+07
  +2.76637954689946025610e+07
  +2.89159360238886624575e+07
  +3.02247519533157646656e+07
  +3.15928085428310073912e+07
  +3.30227871899699829519e+07
  +3.45174906598008349538e+07
  +3.60798485783574357629e+07
  +3.77129231747204810381e+07
  +3.94199152830014005303e+07
  +4.12041706159927248955e+07
  +4.30691863227811828256e+07
  +4.50186178431770652533e+07
  +4.70562860723937675357e+07
  +4.91861848500209897757e+07
  +5.14124887879695892334e+07
  +5.37395614527311697602e+07
  +5.61719639179895520210e+07
  +5.87144637043472230434e+07
  +6.13720441236887574196e+07
  +6.41499140464962199330e+07
  +6.70535181112607270479e+07
  +7.00885473959999084473e+07
  +7.32609505727984905243e+07
  +7.65769455672346204519e+07
  +8.00430317455435842276e+07
  +8.36660026534076333046e+07
  +8.74529593313379138708e+07
  +9.14113242327484339476e+07
  +9.55488557720009386539e+07
  +9.98736635309340506792e+07
  +1.04394224153683260083e+08
  +1.09119397960944607854e+08
  +1.14058446316245719790e+08
  +1.19221049778263270855e+08
  +1.24617327074765175581e+08
  +1.30257854935365378857e+08
  +1.36153688821965724230e+08
  +1.42316384597514212132e+08
  +1.48758021175552487373e+08
  +1.55491224194945335388e+08
  +1.62529190766193002462e+08
  +1.69885715337832272053e+08
  +1.77575216733622491360e+08
  +1.85612766413509339094e+08
  +1.94014118013759493828e+08
  +2.02795738224164426327e+08
  +2.11974839062831342220e+08
  +2.21569411611822068691e+08
  +2.31598261279761791229e+08
  +2.42081044660529643297e+08
  +2.53038308060279190540e+08
  +2.64491527768296688795e+08
  +2.76463152150632619858e+08
  +2.88976645649008214474e+08
  +3.02056534771233797073e+08
  +3.15728456163283109665e+08
  +3.30019206857244551182e+08
  +3.44956796793631911278e+08
  +3.60570503721004188061e+08
  +3.76890930580495417118e+08
  +3.93950065487725317478e+08
  +4.11781344429663062096e+08
  +4.30419716799321234226e+08
  +4.49901713896736443043e+08
  +4.70265520530494987965e+08
  +4.91551049860140681267e+08
  +5.13800021626161217690e+08
  +5.37056043920883059502e+08
  +5.61364698660541176796e+08
  +5.86773630926056027412e+08
  +6.13332642347624421120e+08
  +6.41093788716153144836e+08
  +6.70111482012861967087e+08
  +7.00442597057032346725e+08
  +7.32146582980923771858e+08
  +7.65285579750366449356e+08
  +7.99924539959389328957e+08
  +8.36131356137621998787e+08
  +8.73976993819982409477e+08
  +9.13535630639464974403e+08
  +9.54884801715662002563e+08
  +9.98105551623975872993e+08
  +1.04328259324337434769e+09
  +1.09050447379404544830e+09
  +1.13986374839038014412e+09
  +1.19145716144943809509e+09
  +1.24538583631048130989e+09
  +1.30175547343720102310e+09
  +1.36067655759114122391e+09
  +1.42226457438236880302e+09
  +1.48664023662182211876e+09
  +1.55392972091900753975e+09
  +1.62426491498876881599e+09
  +1.69778367615183782578e+09
  +1.77463010153585529327e+09
  +1.85495481050644207001e+09
  +1.93891523988187575340e+09
  +2.02667595251002049446e+09
  +2.11840895981231141090e+09
  +2.21429405892695951462e+09
  +2.31451918511222839355e+09
  +2.41928078010043525696e+09
  +2.52878417712470245361e+09
  +2.64324400337309837341e+09
  +2.76288460065894460678e+09
  +2.88794046513186979294e+09
  +3.01865670689139604568e+09
  +3.15528953040391969681e+09
  +3.29810673666469955444e+09
  +3.44738824808910751343e+09
  +3.60342665716191959381e+09
  +3.76652779991999959946e+09
  +3.93701135539240360260e+09
  +4.11521147217285299301e+09
  +4.30147742335255336761e+09
  +4.49617429109716987610e+09
  +4.69968368220963573456e+09
  +4.91240447608132457733e+09
  +5.13475360649758815765e+09
  +5.36716687883002376556e+09
  +5.61009982421705627441e+09
  +5.86402859240721416473e+09
  +6.12945088501492881775e+09
  +6.40688693101809692383e+09
  +6.69688050640944004059e+09
  +7.00000000000001144409e+09
</indep>
<dep dBS22 frequency>
  -1.82152069269978911237e+00
  -1.94726430857166299404e+00
  -2.07947052263238685299e+00
  -2.21818167925408138430e+00
  -2.36340417448041018034e+00
  -2.51511311954810734548e+00
  -2.67324155771471838605e+00
  -2.83765276742326477688e+00
  -3.00818942243795950375e+00
  -3.18465247701040343742e+00
  -3.36679465040107039897e+00
  -3.55432204604724866215e+00
  -3.74691685629378223865e+00
  -3.94422495607425371844e+00
  -4.14586105208262711841e+00
  -4.35134732179927397056e+00
  -4.56027273622064477365e+00
  -4.77219248277192953367e+00
  -4.98663692406276215507e+00
  -5.20311275136876805192e+00
  -5.42100233630608485669e+00
  -5.63994176786355438935e+00
  -5.85945466617090282568e+00
  -6.07907405988512650197e+00
  -6.29825765363848688594e+00
  -6.51648915044133136831e+00
  -6.73348663366416033682e+00
  -6.94885196025559448429e+00
  -7.16220813906683329009e+00
  -7.37299933798109385918e+00
  -7.58096651445948932491e+00
  -7.78590079162629589149e+00
  -7.98750961166246042922e+00
  -8.18551788995796947290e+00
  -8.37933262647093712872e+00
  -8.56900093821928621196e+00
  -8.75431611027444844808e+00
  -8.93505621651804382566e+00
  -9.11092927839094457454e+00
  -9.28149205403182619989e+00
  -9.44685576393939996365e+00
  -9.60683391218773152787e+00
  -9.76124948098888367554e+00
  -9.90973788730683935455e+00
  -1.00521235904037666842e+01
  -1.01884849169757103482e+01
  -1.03187027199923804233e+01
  -1.04426774557887931394e+01
  -1.05600163220354232863e+01
  -1.06708814343691820170e+01
  -1.07753503354931350344e+01
  -1.08734233457833937564e+01
  -1.09651158909314112577e+01
  -1.10501155940211681639e+01
  -1.11288955590900613402e+01
  -1.12015618560219287758e+01
  -1.12682428243546173263e+01
  -1.13289831512038734473e+01
  -1.13838311949461825634e+01
  -1.14332144572917755454e+01
  -1.14773266741693511506e+01
  -1.15163701467576533588e+01
  -1.15503982721086586594e+01
  -1.15796859002928176352e+01
  -1.16045620351505220924e+01
  -1.16252355265140074891e+01
  -1.16419108319513959771e+01
  -1.16546218303130348914e+01
  -1.16637177586339397806e+01
  -1.16694081859108820254e+01
  -1.16718625436567933207e+01
  -1.16712207672406638181e+01
  -1.16675368634209810637e+01
  -1.16610732242096233335e+01
  -1.16519489835059193439e+01
  -1.16402701551535905367e+01
  -1.16260927276307057809e+01
  -1.16094886525021738777e+01
  -1.15905808237014795736e+01
  -1.15694206846752045692e+01
  -1.15460465621710888229e+01
  -1.15204443564273084633e+01
  -1.14926545123308105900e+01
  -1.14626953908775970348e+01
  -1.14305528579688182589e+01
  -1.13962003822202362358e+01
  -1.13595620768645684251e+01
  -1.13206266258628645005e+01
  -1.12793322546226235659e+01
  -1.12356039211330411831e+01
  -1.11893481750244756512e+01
  -1.11991803196912584895e+01
  -1.12721856314800987775e+01
  -1.13210960687490178600e+01
  -1.13468692280612017953e+01
  -1.13827761105401989994e+01
  -1.14218838195624208254e+01
  -1.14398350778250730286e+01
  -1.14686347580064982310e+01
  -1.15050530618213375789e+01
  -1.14893031439140855809e+01
  -1.14526245491393794396e+01
  -1.14724253789948669180e+01
  -1.15709478197796187260e+01
  -1.15885727257307458160e+01
  -1.15520589579525267965e+01
  -1.15938170163908864652e+01
  -1.16170583985208253353e+01
  -1.16490285730623543969e+01
  -1.17000222139929235254e+01
  -1.16681616339607803212e+01
  -1.16938073245924698540e+01
  -1.17142727314914978365e+01
  -1.17562503356574765689e+01
  -1.17645498353473509923e+01
  -1.17743949060665613615e+01
  -1.18222451537226884710e+01
  -1.18174928405784012142e+01
  -1.18281118108270799638e+01
  -1.19117916002109538454e+01
  -1.19357516306157744879e+01
  -1.19183543037552261978e+01
  -1.19546686400809765161e+01
  -1.19902560709485950241e+01
  -1.20078675061981385852e+01
  -1.20335540984584365987e+01
  -1.20232919244448908103e+01
  -1.20671560883194999292e+01
  -1.20923058845776871806e+01
  -1.21063221102563964848e+01
  -1.21141954538677314446e+01
  -1.21497474807710723610e+01
  -1.21504417865278888655e+01
  -1.21638700738271801072e+01
  -1.21670130157712144126e+01
  -1.22249359181376675565e+01
  -1.22356285457429194707e+01
  -1.22548806878293490286e+01
  -1.22763007452133194874e+01
  -1.22957259763073789571e+01
  -1.23393823975902492407e+01
  -1.23533829522162115211e+01
  -1.23934068900726259699e+01
  -1.24183006826704716019e+01
  -1.24609984785760161685e+01
  -1.25006484935109156709e+01
  -1.25560402217343352049e+01
  -1.26215868026744448827e+01
  -1.26775956432740386504e+01
  -1.27255599959095082596e+01
  -1.27737383583826691336e+01
  -1.28102813101812635921e+01
  -1.28610031253862935330e+01
  -1.29411411149332860049e+01
  -1.30222737174407434679e+01
  -1.30989659599182406424e+01
  -1.31153936207036796446e+01
  -1.31701366463266449358e+01
  -1.32599481937890750771e+01
  -1.33685461429722707294e+01
  -1.34391214789024520115e+01
  -1.34832505211365916153e+01
  -1.35621021986274552518e+01
  -1.36970640701081318724e+01
  -1.38007421953870146325e+01
  -1.38639568031421518413e+01
  -1.39773135138581068304e+01
  -1.41057906749645134425e+01
  -1.41711889492158924497e+01
  -1.42570622866212879387e+01
  -1.44023952655025038183e+01
  -1.44418996349817909675e+01
  -1.45351529489193520561e+01
  -1.46354808972534655709e+01
  -1.46643894324402541685e+01
  -1.47962659147036390550e+01
  -1.48593243663362493123e+01
  -1.50223921103925999176e+01
  -1.50060240390472721117e+01
  -1.51727334657032812970e+01
  -1.52321518680128349388e+01
  -1.53925195058228077016e+01
  -1.55199808782227517412e+01
  -1.56073349390255078362e+01
  -1.53159755072407257614e+01
  -1.45995480828394104122e+01
  -1.43895047483325395632e+01
  -1.45115768626757422055e+01
  -1.46179707267060354781e+01
  -1.47740803570116785437e+01
  -1.50503329905933682653e+01
  -1.53017455673909363867e+01
  -1.53771628923744287931e+01
  -1.53476933368965813287e+01
  -1.52528979167801281847e+01
  -1.49894628169136350238e+01
  -1.45328815434039686494e+01
  -1.37168643412586810371e+01
  -1.27953482805669018774e+01
  -1.17671486575941841579e+01
  -1.05223234231030318142e+01
</dep>
<dep dBS11 frequency>
  -5.01298846117468066552e+00
  -5.16280204076321425077e+00
  -5.32159737685762657122e+00
  -5.48941745265603930903e+00
  -5.66626512846866781103e+00
  -5.85215814333983885831e+00
  -6.04711107256361035667e+00
  -6.25083190139698174903e+00
  -6.46312497253642792572e+00
  -6.68373752723354552785e+00
  -6.91248895684833630781e+00
  -7.14898693345474978145e+00
  -7.39268838150629381545e+00
  -7.64309190904030621994e+00
  -7.89963146518684311559e+00
  -8.16188158516425055211e+00
  -8.42898693132438658893e+00
  -8.70014400474055982215e+00
  -8.97452927648141063344e+00
  -9.25128305362829550518e+00
  -9.52966147677855346387e+00
  -9.80844538306459945431e+00
  -1.00865871269853961678e+01
  -1.03629949518486697002e+01
  -1.06366361856964353194e+01
  -1.09064264748298018759e+01
  -1.11710448513683822114e+01
  -1.14293246999740070180e+01
  -1.16801148051927548011e+01
  -1.19224819785667506267e+01
  -1.21552962993166442374e+01
  -1.23774765613871693404e+01
  -1.25881307461906484235e+01
  -1.27864817571186577538e+01
  -1.29722054574930858450e+01
  -1.31445467667029785019e+01
  -1.33031500966932476615e+01
  -1.34478514933487502958e+01
  -1.35787386113375845298e+01
  -1.36962433767928342121e+01
  -1.38003889275370781320e+01
  -1.38916495663026360319e+01
  -1.39706276209268374089e+01
  -1.40382536468859839829e+01
  -1.40953596824493629924e+01
  -1.41425690591269663798e+01
  -1.41807822593925347832e+01
  -1.42109228159696403537e+01
  -1.42342763789148296638e+01
  -1.42515199002763601754e+01
  -1.42634248986666207770e+01
  -1.42708450211946207276e+01
  -1.42746047036556547027e+01
  -1.42758821534655648833e+01
  -1.42749470487128160556e+01
  -1.42724563900739358502e+01
  -1.42690151698559208882e+01
  -1.42652944248992987752e+01
  -1.42619343847290949157e+01
  -1.42591170825585180637e+01
  -1.42572571873490883121e+01
  -1.42567302514748490694e+01
  -1.42580522025228102478e+01
  -1.42614611137379725392e+01
  -1.42671028138844331323e+01
  -1.42752316653596196261e+01
  -1.42860805213784161083e+01
  -1.43000529992665015300e+01
  -1.43171665517156121439e+01
  -1.43375738385340909531e+01
  -1.43614515403366631574e+01
  -1.43889894805477140949e+01
  -1.44204557848232628459e+01
  -1.44558632756067684255e+01
  -1.44953726948534296071e+01
  -1.45391460085279273784e+01
  -1.45873872685519643255e+01
  -1.46402715398398051150e+01
  -1.46979151103705767412e+01
  -1.47605067294826319824e+01
  -1.48282470348139039373e+01
  -1.49013827130425049461e+01
  -1.49801163473226672807e+01
  -1.50646827326477499298e+01
  -1.51553559857890398632e+01
  -1.52524349710339013342e+01
  -1.53562594488640620227e+01
  -1.54671651109645367228e+01
  -1.55855423597050108953e+01
  -1.57118176236417976810e+01
  -1.58464543799146806435e+01
  -1.58465075304927793809e+01
  -1.56872970586676210303e+01
  -1.55883840930844979056e+01
  -1.55516871918786865336e+01
  -1.56686781820279303901e+01
  -1.58292736869196719596e+01
  -1.57399567411561775998e+01
  -1.56641741566463466029e+01
  -1.56071540562724244694e+01
  -1.57238009130374614131e+01
  -1.56253587576577679386e+01
  -1.55504971048066398254e+01
  -1.56334610417552504202e+01
  -1.56471624057064762070e+01
  -1.55019535094587119772e+01
  -1.55410377878902927762e+01
  -1.54535700421046158226e+01
  -1.55025111633919987497e+01
  -1.54178459909907310532e+01
  -1.54755668872404772429e+01
  -1.54430713350322150745e+01
  -1.54413200570576218951e+01
  -1.53702434360219957199e+01
  -1.53909488149067978924e+01
  -1.53189277915645050143e+01
  -1.52868893863298787039e+01
  -1.53093944047692716026e+01
  -1.53029498415475995188e+01
  -1.53600255927357629560e+01
  -1.52902164631669652550e+01
  -1.52851307499097810449e+01
  -1.52856645748180586253e+01
  -1.52807798896117468246e+01
  -1.53153900693137927647e+01
  -1.53549050650778760030e+01
  -1.53587585009328702057e+01
  -1.53969388517935890093e+01
  -1.53992048890057908750e+01
  -1.54739920347716246596e+01
  -1.54937136835109328103e+01
  -1.55244110092901070885e+01
  -1.55275741244921263728e+01
  -1.55626929010058816516e+01
  -1.55496278488158239384e+01
  -1.55736497185626969753e+01
  -1.55775873415910570685e+01
  -1.56125284609497843036e+01
  -1.56478233575566267888e+01
  -1.56629719408243079926e+01
  -1.56967301709040718549e+01
  -1.57609778467825414339e+01
  -1.58343861780835837294e+01
  -1.59188606413253896932e+01
  -1.59580072567349198209e+01
  -1.60586733547822220203e+01
  -1.61396402802631335760e+01
  -1.62114566740676444567e+01
  -1.63456337552644157540e+01
  -1.64234827607951672235e+01
  -1.65318874587862971737e+01
  -1.65979633055565933830e+01
  -1.66254595112958689640e+01
  -1.66892138904171147828e+01
  -1.67251382629344895747e+01
  -1.67946501473672569205e+01
  -1.68429776079198845196e+01
  -1.69228474324729205591e+01
  -1.69402414420954876562e+01
  -1.69532439309711193687e+01
  -1.70070799168737316620e+01
  -1.70471067994711766858e+01
  -1.71069530396490989688e+01
  -1.70950324275495262327e+01
  -1.71458991972823007188e+01
  -1.71233128904312579266e+01
  -1.71228120737889781822e+01
  -1.71698415180331025454e+01
  -1.71077133693305860618e+01
  -1.70695774905597446036e+01
  -1.69837936474253545782e+01
  -1.69233050112447713786e+01
  -1.68893922944058623159e+01
  -1.69035512291175926691e+01
  -1.66228975693907159439e+01
  -1.66012858567224910189e+01
  -1.65407486098873306446e+01
  -1.60184866711486719737e+01
  -1.63388149197245624578e+01
  -1.59273618517670954020e+01
  -1.57378480562025142575e+01
  -1.52732574721971747778e+01
  -1.53751053816148690601e+01
  -1.48980485422318622568e+01
  -1.49114481097311113444e+01
  -1.39663143399063081063e+01
  -1.40008932780525157114e+01
  -1.39633151388370908563e+01
  -1.38904340411595317306e+01
  -1.38148313628335337455e+01
  -1.39198900722644260952e+01
  -1.39801060547329356609e+01
  -1.40043068993189834259e+01
  -1.41034742261330929836e+01
  -1.41897290389911567843e+01
  -1.42967096501564938649e+01
  -1.41713417743250786884e+01
  -1.37211052245936429017e+01
  -1.33687197393498120590e+01
  -1.24377833799363468614e+01
  -1.14900956925829689226e+01
</dep>
<dep Mu2 frequency>
  +1.37762371939536865106e+00
  +1.37447262829449368127e+00
  +1.37122235183795315727e+00
  +1.36786458792782794625e+00
  +1.36439589666057270456e+00
  +1.36081940007005264270e+00
  +1.35714620095522353616e+00
  +1.35338622525400720242e+00
  +1.34955617036686170707e+00
  +1.34567586971204367075e+00
  +1.34177461358424299220e+00
  +1.33787642382534710528e+00
  +1.33399783435464458492e+00
  +1.33015900489948957208e+00
  +1.32637772734991465917e+00
  +1.32268779617974563401e+00
  +1.31908896904600991817e+00
  +1.31558614655731243026e+00
  +1.31218511986922603541e+00
  +1.30889199080538687348e+00
  +1.30573084181323539887e+00
  +1.30267672398812695000e+00
  +1.29972734177007431811e+00
  +1.29687943643457570531e+00
  +1.29414054636258391007e+00
  +1.29151427519321315707e+00
  +1.28897745581137201931e+00
  +1.28652584432530048275e+00
  +1.28415562213907863409e+00
  +1.28188363976407249112e+00
  +1.27969812828616191780e+00
  +1.27758678607758846546e+00
  +1.27554900051965480756e+00
  +1.27358523001470880232e+00
  +1.27172539125759098688e+00
  +1.26994614387692217328e+00
  +1.26824914897981555484e+00
  +1.26663937889668609671e+00
  +1.26512899277792367769e+00
  +1.26374302424589624039e+00
  +1.26246513367898893776e+00
  +1.26130383478172425349e+00
  +1.26026822399766635918e+00
  +1.25938212050732056824e+00
  +1.25865655469866455363e+00
  +1.25808584732060801947e+00
  +1.25767997152005994721e+00
  +1.25744884529941880480e+00
  +1.25742354179386461865e+00
  +1.25759868259132789881e+00
  +1.25797640806096677757e+00
  +1.25856563945082178257e+00
  +1.25937578349885681561e+00
  +1.26043881798809431771e+00
  +1.26173743418727157817e+00
  +1.26327962674440352764e+00
  +1.26507333912517516694e+00
  +1.26713302614313061412e+00
  +1.26947411305015012140e+00
  +1.27208948926546816516e+00
  +1.27498771352372730625e+00
  +1.27817776318489162435e+00
  +1.28167864025867550559e+00
  +1.28549659514844005770e+00
  +1.28963525501671072426e+00
  +1.29410631605045445269e+00
  +1.29892241465014102175e+00
  +1.30410724781900388969e+00
  +1.30966600511697417453e+00
  +1.31561300578177453602e+00
  +1.32196571926975559030e+00
  +1.32874413489607312577e+00
  +1.33597415918333850549e+00
  +1.34367000788691348667e+00
  +1.35185524752105235002e+00
  +1.36055491238625814177e+00
  +1.36979737562549419572e+00
  +1.37961006866615742972e+00
  +1.39001679416971990477e+00
  +1.40104312561386001867e+00
  +1.41271025458279275711e+00
  +1.42503167082445258984e+00
  +1.43799794338993125464e+00
  +1.45156167860463169994e+00
  +1.46560019806866947967e+00
  +1.47984229033340586312e+00
  +1.49375333002987575881e+00
  +1.50646340063765094008e+00
  +1.51707769051662144655e+00
  +1.52536081500413711609e+00
  +1.53180102106920412730e+00
  +1.53466471090582690096e+00
  +1.52560846034167529872e+00
  +1.52859386671881192221e+00
  +1.55221051654748154469e+00
  +1.53382714817159859777e+00
  +1.50342590780415985563e+00
  +1.51243020641473102650e+00
  +1.52083926793702128855e+00
  +1.51881266649142920855e+00
  +1.50900305940108947489e+00
  +1.51806239527987218985e+00
  +1.52273275691186937841e+00
  +1.51127244940919513994e+00
  +1.51635836118836042630e+00
  +1.50374623326632095299e+00
  +1.50604702413885060963e+00
  +1.51184171218263885272e+00
  +1.51977157569160814532e+00
  +1.51272690153660160917e+00
  +1.50547621181879542895e+00
  +1.51088150704541601677e+00
  +1.49935644344003904394e+00
  +1.50007161846731751353e+00
  +1.49709822510243384386e+00
  +1.50154129336193054023e+00
  +1.49237894558264572176e+00
  +1.48748460259270021133e+00
  +1.49451710187329322999e+00
  +1.50604253225785189585e+00
  +1.49886105926898727247e+00
  +1.50257798404758080579e+00
  +1.50316060626028580316e+00
  +1.49741704811800335762e+00
  +1.50046481378627372116e+00
  +1.49654495009210419809e+00
  +1.49184433532472171535e+00
  +1.49534870089364990697e+00
  +1.48891095031514941738e+00
  +1.49195695057727562016e+00
  +1.48326193921305127255e+00
  +1.48433201634438094452e+00
  +1.47753062133857060445e+00
  +1.48157411124014348758e+00
  +1.47539951229017551881e+00
  +1.47816365865659071765e+00
  +1.48229245548083410355e+00
  +1.47501719537067477184e+00
  +1.47595658640207183510e+00
  +1.47200285030456967661e+00
  +1.48136990821197978008e+00
  +1.48055078596044187300e+00
  +1.47891888899103984834e+00
  +1.48188182209010554935e+00
  +1.48326924689225903009e+00
  +1.49291172367735303084e+00
  +1.49070706740099634402e+00
  +1.49345643600540145535e+00
  +1.50413183025523444769e+00
  +1.50249397446897359210e+00
  +1.51442089909679600268e+00
  +1.51035352620740770391e+00
  +1.51737417837700072631e+00
  +1.51961274410066304874e+00
  +1.53770721002795984766e+00
  +1.53997800703097853514e+00
  +1.55483093879298284179e+00
  +1.55344436132652674587e+00
  +1.56996715310760182049e+00
  +1.57251173735372451468e+00
  +1.59214366230471005004e+00
  +1.59132112392383762156e+00
  +1.60457205601685126695e+00
  +1.62896362253208959459e+00
  +1.62921793484723176348e+00
  +1.64196388527487968645e+00
  +1.65356758708228834820e+00
  +1.65715697979581655375e+00
  +1.68977684358922930485e+00
  +1.69990769453733969740e+00
  +1.72298750858705496114e+00
  +1.71568511008911261939e+00
  +1.75118491093938066783e+00
  +1.75057080266196107843e+00
  +1.75104703104603331987e+00
  +1.74736706044162026785e+00
  +1.80686740000048318144e+00
  +1.78413884780250464601e+00
  +1.83063753487334190950e+00
  +1.83151868903592740523e+00
  +1.83907556669139760075e+00
  +1.81800305022554176126e+00
  +1.84830723192477619499e+00
  +1.81792172345102476250e+00
  +1.81185015072116772927e+00
  +1.75987278827642290580e+00
  +1.78035842128185017863e+00
  +1.77566004236983898679e+00
  +1.75887166027833496962e+00
  +1.76139289929975761950e+00
  +1.74962782858803200803e+00
  +1.75930001866994234483e+00
  +1.73251325092926178328e+00
  +1.74394537026302209881e+00
  +1.75087872987442683126e+00
  +1.76778276940406819939e+00
  +1.77017821427805999157e+00
  +1.76967635915045451434e+00
  +1.80408956834945333192e+00
  +1.80513476851113607857e+00
  +1.82486535563449803199e+00
</dep>
<dep Mu frequency>
  +1.04765412078532871298e+00
  +1.04934947186820326515e+00
  +1.05109958873077879993e+00
  +1.05290491143695130738e+00
  +1.05476540729412393560e+00
  +1.05668295776474963077e+00
  +1.05866081271319156798e+00
  +1.06069123999328884800e+00
  +1.06277211765083445805e+00
  +1.06490082714447464873e+00
  +1.06707977705181478179e+00
  +1.06930464706930528074e+00
  +1.07156702983813789665e+00
  +1.07386259417526241933e+00
  +1.07618673973454836990e+00
  +1.07854320399295455779e+00
  +1.08092024743431802669e+00
  +1.08331100757998743944e+00
  +1.08571045834106838512e+00
  +1.08811469513080205651e+00
  +1.09052672217438217928e+00
  +1.09293299371356034122e+00
  +1.09532934593428454839e+00
  +1.09771202308951743021e+00
  +1.10008103478358587601e+00
  +1.10243543006758470959e+00
  +1.10476734944403731653e+00
  +1.10707512234280680552e+00
  +1.10935767204536772645e+00
  +1.11161935359529495670e+00
  +1.11385766897371230044e+00
  +1.11607068511989782067e+00
  +1.11825968306645684436e+00
  +1.12042646674111234795e+00
  +1.12257910961919593618e+00
  +1.12471468035551924736e+00
  +1.12683583715026514049e+00
  +1.12894601882156231376e+00
  +1.13105001797937321228e+00
  +1.13315476291089534122e+00
  +1.13525980872964682433e+00
  +1.13736920410623509881e+00
  +1.13948698353000188455e+00
  +1.14161922420924843991e+00
  +1.14376967261924544772e+00
  +1.14593953776452917026e+00
  +1.14813219918358355720e+00
  +1.15035076749012610264e+00
  +1.15260040814965414313e+00
  +1.15488157709287642128e+00
  +1.15719556140665225108e+00
  +1.15954413759744268120e+00
  +1.16192879414369842905e+00
  +1.16435204615102105841e+00
  +1.16681264142884977275e+00
  +1.16931106589116917682e+00
  +1.17184753745635972244e+00
  +1.17442209912756045931e+00
  +1.17703427521425241231e+00
  +1.17968335763082943224e+00
  +1.18236883355358357583e+00
  +1.18509008530875448173e+00
  +1.18784584317807562215e+00
  +1.19063529113958566086e+00
  +1.19345809208437714233e+00
  +1.19631357773323521165e+00
  +1.19920111868199952276e+00
  +1.20211876753204216506e+00
  +1.20506708810226670359e+00
  +1.20804594445268276282e+00
  +1.21105506249245631345e+00
  +1.21409403534122306567e+00
  +1.21716154195392012305e+00
  +1.22025905572023929402e+00
  +1.22338662106726547840e+00
  +1.22654430314979778771e+00
  +1.22973157807520561136e+00
  +1.23294827977283927289e+00
  +1.23619520701589324929e+00
  +1.23947210851390265951e+00
  +1.24277850006251955328e+00
  +1.24611289688919435470e+00
  +1.24947459133597060799e+00
  +1.25286220537014769683e+00
  +1.25627336951420187638e+00
  +1.25970492483122642469e+00
  +1.26315215832434479815e+00
  +1.26661048456352220981e+00
  +1.27007326750018223471e+00
  +1.27353219464553135687e+00
  +1.27697690586525980372e+00
  +1.27790070612743922318e+00
  +1.27560802547134333196e+00
  +1.27848097975975427687e+00
  +1.28648607165022799137e+00
  +1.27985644067471171503e+00
  +1.26855371029323493737e+00
  +1.27130237308493820869e+00
  +1.27600695664903573956e+00
  +1.28138954863995624400e+00
  +1.27219896238338447958e+00
  +1.27493722484536720074e+00
  +1.27815505712822341522e+00
  +1.27574375855890842502e+00
  +1.27956715652978147979e+00
  +1.27552798834690439556e+00
  +1.27872913646616392924e+00
  +1.28048027690518306798e+00
  +1.28540932672985697138e+00
  +1.28669667701305634466e+00
  +1.27914647969204930966e+00
  +1.28585450982039306567e+00
  +1.28286955237734878743e+00
  +1.28487184780036622911e+00
  +1.28406183310642507678e+00
  +1.28800486654976653611e+00
  +1.28742884326502649017e+00
  +1.28392764014328197852e+00
  +1.28925078224664990678e+00
  +1.30070140209985840585e+00
  +1.29890862200438261809e+00
  +1.30107311738277853230e+00
  +1.30454133001427741156e+00
  +1.30387461376491842202e+00
  +1.30757786007587406552e+00
  +1.30540370130693461626e+00
  +1.30348557512277807291e+00
  +1.30698838056690647136e+00
  +1.30515335234155416266e+00
  +1.30660851261936028500e+00
  +1.30426366658928283293e+00
  +1.30766758574785324498e+00
  +1.30506347915761899969e+00
  +1.30813439527334041124e+00
  +1.30667950292066081808e+00
  +1.31127516439563884809e+00
  +1.31612929628782415747e+00
  +1.31265369955897059917e+00
  +1.31411710813022075683e+00
  +1.31257362709873892648e+00
  +1.31941945793845527568e+00
  +1.32085705054825641724e+00
  +1.32056682567299987774e+00
  +1.32254961685657557169e+00
  +1.32625271108195397218e+00
  +1.33297863056822540884e+00
  +1.33321372574457241988e+00
  +1.33547719813539988998e+00
  +1.34262636062171680784e+00
  +1.34204249566474986821e+00
  +1.35091286262243848171e+00
  +1.34923780004891469275e+00
  +1.35488640318981712340e+00
  +1.35853797779435492288e+00
  +1.37144780517725983771e+00
  +1.37406607890576171194e+00
  +1.38308647627270264735e+00
  +1.38537152455839329690e+00
  +1.39731977127183903953e+00
  +1.40304898249979537184e+00
  +1.41825937123267986628e+00
  +1.41749318234900689717e+00
  +1.42906098755611643547e+00
  +1.45133569748382784681e+00
  +1.45455627724598368644e+00
  +1.46473302571937469274e+00
  +1.47930916627809794228e+00
  +1.48510359854551232672e+00
  +1.51528564958485900682e+00
  +1.52777877124089123129e+00
  +1.55607565678414339061e+00
  +1.55704502539765754499e+00
  +1.58949633589783778653e+00
  +1.59639621466015868556e+00
  +1.61271248671749556358e+00
  +1.61917187478616497742e+00
  +1.68123773439811774466e+00
  +1.70689247634933094488e+00
  +1.72514937481734498270e+00
  +1.77026533481767223144e+00
  +1.79694300116642824428e+00
  +1.82808625735640073451e+00
  +1.86081972436313947128e+00
  +1.88012746389601259622e+00
  +1.84687173946189431284e+00
  +1.81601147703955745349e+00
  +1.81371438350386915417e+00
  +1.81860063309714359292e+00
  +1.81027270458376410289e+00
  +1.82417896206314611440e+00
  +1.81359315734638970596e+00
  +1.82789413872534933780e+00
  +1.79450524103714625923e+00
  +1.79612994349797450155e+00
  +1.79274858317338070535e+00
  +1.79450139010486986457e+00
  +1.78409743900363682023e+00
  +1.76950338033170750940e+00
  +1.77741753958966008931e+00
  +1.76886863592426002434e+00
  +1.76082572752569155305e+00
</dep>
<dep dBS21 frequency>
  +7.01157102310448809845e+00
  +7.28345916891112388214e+00
  +7.54522400442634744167e+00
  +7.79688051755368149998e+00
  +8.03846254139185134591e+00
  +8.26996693288018036583e+00
  +8.49136796875375843285e+00
  +8.70291575919430826502e+00
  +8.90473847877736268686e+00
  +9.09698998955069093597e+00
  +9.27971419885215809131e+00
  +9.45313439335446048517e+00
  +9.61758951374745052476e+00
  +9.77333242303872395951e+00
  +9.92063642916524912607e+00
  +1.00595745635611955038e+01
  +1.01906258564632317132e+01
  +1.03141577874082290833e+01
  +1.04305016027185715188e+01
  +1.05399683010272546824e+01
  +1.06426915802380328557e+01
  +1.07392547712516801539e+01
  +1.08299991650714133584e+01
  +1.09152610644552634511e+01
  +1.09952763465772473950e+01
  +1.10703107084324265941e+01
  +1.11408297953093651245e+01
  +1.12071290417370938997e+01
  +1.12694894094908715232e+01
  +1.13280331018296571699e+01
  +1.13830856632246835147e+01
  +1.14349580089917104431e+01
  +1.14838657957928962361e+01
  +1.15300080141912193454e+01
  +1.15733888519312966281e+01
  +1.16143489697470947419e+01
  +1.16530540237009283544e+01
  +1.16896413434837427303e+01
  +1.17242000618982782356e+01
  +1.17567441291933771907e+01
  +1.17875167809379313155e+01
  +1.18166101467352824272e+01
  +1.18441082491581752834e+01
  +1.18700145075581353638e+01
  +1.18943985042681674713e+01
  +1.19174087079777457632e+01
  +1.19391075051666994966e+01
  +1.19595541647289245191e+01
  +1.19787044437905354499e+01
  +1.19966877688518920309e+01
  +1.20135916866406020631e+01
  +1.20294686353412210167e+01
  +1.20443667896787900418e+01
  +1.20582321746811622631e+01
  +1.20712311479310727691e+01
  +1.20834131888302565017e+01
  +1.20948270660657470899e+01
  +1.21054930241967291238e+01
  +1.21154279875745523043e+01
  +1.21247446519849617630e+01
  +1.21334882798635277368e+01
  +1.21417030894269544206e+01
  +1.21493930825573102084e+01
  +1.21566169833967929748e+01
  +1.21634453096582397791e+01
  +1.21699173462972680682e+01
  +1.21760711562568388899e+01
  +1.21819035948156777494e+01
  +1.21874892660783462617e+01
  +1.21928695008560374902e+01
  +1.21980772240775543480e+01
  +1.22031399577331516326e+01
  +1.22080668614560945429e+01
  +1.22129180947484794473e+01
  +1.22177219524845241949e+01
  +1.22225057631308651196e+01
  +1.22272876367022487187e+01
  +1.22320915653646160592e+01
  +1.22369549545120896994e+01
  +1.22419011051646631216e+01
  +1.22469524158731601915e+01
  +1.22521220885163870662e+01
  +1.22574367580905096986e+01
  +1.22629198929293519171e+01
  +1.22685897195114037572e+01
  +1.22744634169290947057e+01
  +1.22805497186466432424e+01
  +1.22868713705467929032e+01
  +1.22934422251025026185e+01
  +1.23002746065403218978e+01
  +1.23073781536243203050e+01
  +1.23094415469880189562e+01
  +1.23058477204074776523e+01
  +1.23133664239262152762e+01
  +1.23312496846676467044e+01
  +1.23574689798466774704e+01
  +1.23839118181474265867e+01
  +1.23609839350619754583e+01
  +1.23517242210395128410e+01
  +1.23576175257074272196e+01
  +1.23838592375255736044e+01
  +1.23793773891121805519e+01
  +1.23712877312262783391e+01
  +1.23773880759521546224e+01
  +1.23801602934128123223e+01
  +1.23757973024804179829e+01
  +1.23776124476074063097e+01
  +1.23874158179801145963e+01
  +1.23881545804757404738e+01
  +1.23986032254569309430e+01
  +1.24190434382502896682e+01
  +1.24192936680779943970e+01
  +1.24067287730423014835e+01
  +1.24085882935586795384e+01
  +1.24174279262918467737e+01
  +1.24119378171999201754e+01
  +1.24119614591596416631e+01
  +1.24149885167330822355e+01
  +1.23722387717265931428e+01
  +1.23556273469106496776e+01
  +1.23644597885113647351e+01
  +1.23570366052591413819e+01
  +1.23324736999603956633e+01
  +1.23584182424866195760e+01
  +1.23449061376708968396e+01
  +1.23521658452336051681e+01
  +1.23532573627415800388e+01
  +1.23398079272187004563e+01
  +1.23465855657555163560e+01
  +1.23382032700818946580e+01
  +1.23503978678203125696e+01
  +1.23498733531940096952e+01
  +1.23435053981928266609e+01
  +1.23373244922308433758e+01
  +1.23370753902839851435e+01
  +1.23223457425783280428e+01
  +1.22957066260804008806e+01
  +1.23031131559679209886e+01
  +1.23119145901133091314e+01
  +1.23273105006364893654e+01
  +1.22870847804576381890e+01
  +1.22629525504789338441e+01
  +1.22904569514639643302e+01
  +1.22819183893336418834e+01
  +1.22718724217900607698e+01
  +1.22172174978887166930e+01
  +1.22270682199509757027e+01
  +1.22203760986933680499e+01
  +1.21905624439616726562e+01
  +1.22114407267207987218e+01
  +1.21465023963822265074e+01
  +1.21761308277202111583e+01
  +1.21908212234975543709e+01
  +1.21398976885393405922e+01
  +1.21159960875384591361e+01
  +1.21326105089660725156e+01
  +1.20899654967895404667e+01
  +1.20923887201464435037e+01
  +1.20943216194524634233e+01
  +1.20696416151326690880e+01
  +1.20524944747532121170e+01
  +1.20500662898250165966e+01
  +1.20646218366816189160e+01
  +1.19945290137458222546e+01
  +1.20127198962893864120e+01
  +1.19906098618913006248e+01
  +1.20231731807950588120e+01
  +1.19925462809665930308e+01
  +1.19425883488370523366e+01
  +1.19105549160466530623e+01
  +1.18473202061778373206e+01
  +1.19158084057277733336e+01
  +1.18423480347245977384e+01
  +1.18360585497973129776e+01
  +1.18595843862075245312e+01
  +1.18923443527344794290e+01
  +1.17239123952079165036e+01
  +1.17292983973186366597e+01
  +1.16403619775529971747e+01
  +1.15615986532705772305e+01
  +1.15625860985901276479e+01
  +1.14826914074787396203e+01
  +1.13745982497485407237e+01
  +1.14082738150389104703e+01
  +1.14267234175587191203e+01
  +1.14693781313201377259e+01
  +1.15188415136591473242e+01
  +1.14901717602957340603e+01
  +1.15349217433424495738e+01
  +1.14028326124075505277e+01
  +1.13865805636920462973e+01
  +1.13219392832537089078e+01
  +1.14055788689266091041e+01
  +1.11328187383067049865e+01
  +1.09824011462294670594e+01
  +1.08607703375607016483e+01
  +1.06926500235100014891e+01
  +1.04309491928213695644e+01
  +1.00544426342916199957e+01
  +9.62190055705621283266e+00
  +8.91325039478136638138e+00
</dep>
<dep S[2,2] frequency>
  -7.86239166141230461093e-01-j1.98130186494394788799e-01
  -7.81995570743313939133e-01-j1.64768300087660468645e-01
  -7.75810931320566554703e-01-j1.32793067276932352794e-01
  -7.67837520596173161991e-01-j1.02312235923849983998e-01
  -7.58234347295265842526e-01-j7.34169190701287749379e-02
  -7.47164512494729038394e-01-j4.61845446828658690031e-02
  -7.34794709127340572863e-01-j2.06782972795463773630e-02
  -7.21295836612488527884e-01+j3.07098664807704119228e-03
  -7.06835186381054914051e-01+j2.50412175049914524638e-02
  -6.91577213541594848500e-01+j4.52268950945792225227e-02
  -6.75683083404101103575e-01+j6.36299166085654843705e-02
  -6.59307876920532831555e-01+j8.02766704555116783482e-02
  -6.42596658775809737030e-01+j9.52129962840546906211e-02
  -6.25685848474808903319e-01+j1.08490201120849005800e-01
  -6.08701567190486514392e-01+j1.20170235849081236124e-01
  -5.91766238789571352719e-01+j1.30311526594234255993e-01
  -5.74979442655330297285e-01+j1.39002991849856455397e-01
  -5.58431046743739001315e-01+j1.46331456002858489862e-01
  -5.42200253905492979278e-01+j1.52384940181699735096e-01
  -5.26355825946802746707e-01+j1.57252481129236565405e-01
  -5.10965423534623042201e-01+j1.61015978086749306231e-01
  -4.96062567071388849094e-01+j1.63778408194461627678e-01
  -4.81682020653910747399e-01+j1.65628933956691537510e-01
  -4.67849277365362192782e-01+j1.66654043859588291143e-01
  -4.54587828758004963703e-01+j1.66933682876818367813e-01
  -4.41911938816477167791e-01+j1.66546010029582552958e-01
  -4.29814286968556447111e-01+j1.65570931963535061815e-01
  -4.18292337771195676943e-01+j1.64077781171298120455e-01
  -4.07338954787727192119e-01+j1.62130797322209641020e-01
  -3.96954801644896104751e-01+j1.59786818949241210541e-01
  -3.87120487586384010026e-01+j1.57102179335290192963e-01
  -3.77813592520587882007e-01+j1.54127331319736465831e-01
  -3.69016275179990693722e-01+j1.50906534531902114527e-01
  -3.60709642022589871413e-01+j1.47479618885898999814e-01
  -3.52889967557968864398e-01+j1.43882412553182514880e-01
  -3.45522578741067787345e-01+j1.40147740595589570534e-01
  -3.38586616945014351465e-01+j1.36304012042471667243e-01
  -3.32062829667261805167e-01+j1.32376523419540120807e-01
  -3.25935744146732098159e-01+j1.28388288302779790540e-01
  -3.20196497430459803279e-01+j1.24361258788855510993e-01
  -3.14814774994260304641e-01+j1.20311853471543384053e-01
  -3.09773999716252301795e-01+j1.16256123557606630414e-01
  -3.05058361861855198427e-01+j1.12208494017037654911e-01
  -3.00659806007262553340e-01+j1.08184062382932585922e-01
  -2.96564214850884133590e-01+j1.04195249413413570938e-01
  -2.92750111646083388539e-01+j1.00250575215628009995e-01
  -2.89204425271069709424e-01+j9.63597029842566538127e-02
  -2.85914653612220126533e-01+j9.25314258553240343019e-02
  -2.82878634645647331070e-01+j8.87783722692971621893e-02
  -2.80077674155950195889e-01+j8.51051612946939900484e-02
  -2.77497394952090803422e-01+j8.15169139377736190477e-02
  -2.75127126630538287877e-01+j7.80195653108831377320e-02
  -2.72956921203912128426e-01+j7.46186654921379838301e-02
  -2.70987211972027353113e-01+j7.13260430240780646249e-02
  -2.69197014117204591610e-01+j6.81389873590946826276e-02
  -2.67577140208613784012e-01+j6.50611686936291150340e-02
  -2.66118767421393509487e-01+j6.20957747458129871720e-02
  -2.64816207455455365771e-01+j5.92479995335213061036e-02
  -2.63664395767180759211e-01+j5.65233842243648976211e-02
  -2.62648995790702499686e-01+j5.39181978029649108808e-02
  -2.61762670749655035340e-01+j5.14339209121976795314e-02
  -2.60998464153729847759e-01+j4.90717005761604971315e-02
  -2.60353735814921383174e-01+j4.68371028433068742336e-02
  -2.59820608805873431990e-01+j4.47292955828642868621e-02
  -2.59390280252416449702e-01+j4.27451114564302570020e-02
  -2.59057346275853694895e-01+j4.08846214580489003554e-02
  -2.58816778887007048482e-01+j3.91477173088399660328e-02
  -2.58667977225253753470e-01+j3.75406186119542489843e-02
  -2.58602699458172213820e-01+j3.60572730572794666881e-02
  -2.58616314715458206486e-01+j3.46960390272803287370e-02
  -2.58705278163990859408e-01+j3.34563186881957561059e-02
  -2.58866827046235981058e-01+j3.23383445538807032249e-02
  -2.59100309906264203441e-01+j3.13462376768727513099e-02
  -2.59400066315843447207e-01+j3.04731883259363872662e-02
  -2.59763916879418466088e-01+j2.97184655706293175681e-02
  -2.60189995443540378339e-01+j2.90813502716026767159e-02
  -2.60677608788103920556e-01+j2.85634460915270491088e-02
  -2.61225665480045776690e-01+j2.81648643928267689018e-02
  -2.61831872617022676231e-01+j2.78814966359999423517e-02
  -2.62495611239590087571e-01+j2.77127871378591676688e-02
  -2.63216559764198054783e-01+j2.76582497200415951266e-02
  -2.63995586649522495648e-01+j2.77205212385650302809e-02
  -2.64832322259932972930e-01+j2.78973123241335364819e-02
  -2.65726926896319826099e-01+j2.81869193886558136453e-02
  -2.66680323086146975342e-01+j2.85892472506237040053e-02
  -2.67693747173149587670e-01+j2.91043288308339802295e-02
  -2.68769567572656242760e-01+j2.97355132197806917849e-02
  -2.69908805388026473704e-01+j3.04797249766249091218e-02
  -2.71113666708363398872e-01+j3.13373347778122327001e-02
  -2.72386736234508652910e-01+j3.23090654788871570191e-02
  -2.73731106224689990647e-01+j3.33964315348513132720e-02
  -2.73301366256868460969e-01+j3.43284040619489666524e-02
  -2.70884366119000630224e-01+j3.50568065545094273427e-02
  -2.69389576239737971175e-01+j3.46562896374904907959e-02
  -2.68761204363619499169e-01+j3.32071641098237516077e-02
  -2.67600966101419479592e-01+j3.34842783472342475637e-02
  -2.66286741095458079354e-01+j3.42176425910538858921e-02
  -2.66034246342027269616e-01+j3.17479882332830504188e-02
  -2.65115871010297987631e-01+j3.19576379102388952180e-02
  -2.63664062900196283223e-01+j3.45473304323555413520e-02
  -2.64361246855894127528e-01+j3.28982453289151377529e-02
  -2.65643045439723890500e-01+j3.16993404490729588363e-02
  -2.65030376205220297159e-01+j3.16923260289497521480e-02
  -2.61876134074889854730e-01+j3.26854714860275244459e-02
  -2.61435969391721811927e-01+j3.18842773558889527874e-02
  -2.62465213151123366586e-01+j3.26042997027846601088e-02
  -2.61240047692010424196e-01+j3.21760723059188805117e-02
  -2.60444022756963655674e-01+j3.28755356816147273347e-02
  -2.59441141514016815339e-01+j3.31173401435618311450e-02
  -2.57891954094693787169e-01+j3.31616003761092473234e-02
  -2.58790979494577355613e-01+j3.36598845703578869459e-02
  -2.58065035885081117684e-01+j3.32747250117551712778e-02
  -2.57428731883353412169e-01+j3.34203699258651676374e-02
  -2.56155143207104751824e-01+j3.35084461236313524424e-02
  -2.55956650763383364300e-01+j3.31217330436079093747e-02
  -2.55637472426721412688e-01+j3.33092942190636037703e-02
  -2.54030382994167469590e-01+j3.46461885387962381655e-02
  -2.54120396437713058635e-01+j3.50226363260165152180e-02
  -2.53861144070576028042e-01+j3.46060644702862393873e-02
  -2.51188803056095699695e-01+j3.59797618071160466013e-02
  -2.50415907799486414653e-01+j3.64412902331863325367e-02
  -2.50985714995985376152e-01+j3.60458172019133341046e-02
  -2.49858605034653374899e-01+j3.64479083994814420655e-02
  -2.48448455375465643291e-01+j3.88692862010048406640e-02
  -2.47930956371360200485e-01+j3.88815774645169046075e-02
  -2.46924930255108865396e-01+j4.04747650011964832384e-02
  -2.47111627524294552583e-01+j4.11593372048441596966e-02
  -2.45702472549667622070e-01+j4.19269410947397946909e-02
  -2.44691223500811377844e-01+j4.35320607423027999827e-02
  -2.44222263612022288948e-01+j4.38781550948819307201e-02
  -2.43558808943344778930e-01+j4.62319594083067178514e-02
  -2.42283335864518667435e-01+j4.74975696588096421569e-02
  -2.42053758481902497879e-01+j4.85537591081824093653e-02
  -2.41279431330729071670e-01+j5.04338012959824680270e-02
  -2.41026765117908825520e-01+j5.12003499195437458691e-02
  -2.39051208990594954429e-01+j5.25879962048119362072e-02
  -2.38470771524714575396e-01+j5.38084147398991408107e-02
  -2.37639553393936386883e-01+j5.50159333235221981173e-02
  -2.36726732753660462638e-01+j5.62763468051677082093e-02
  -2.35816880676680856732e-01+j5.77299119841748892279e-02
  -2.34229700533431783871e-01+j5.90699202113930885161e-02
  -2.33263895267536547351e-01+j6.12613374105821645310e-02
  -2.31572265059796139619e-01+j6.32906375479081045876e-02
  -2.30349023949594666760e-01+j6.51256258537933202524e-02
  -2.28541466227539097344e-01+j6.71581114985560362340e-02
  -2.27220012397177151264e-01+j6.77997209939981415605e-02
  -2.25277715489277857719e-01+j6.90153208762242509344e-02
  -2.23120346333140373574e-01+j6.99923167684910474406e-02
  -2.21042031430226576516e-01+j7.15636740482223504545e-02
  -2.19020774798372813708e-01+j7.36066781068430570079e-02
  -2.17004818459128417940e-01+j7.55510790014128214009e-02
  -2.15302022350411514928e-01+j7.74705838849333167095e-02
  -2.13392912632791142968e-01+j7.88174715822698018775e-02
  -2.10793847729431910176e-01+j7.98031816894434475884e-02
  -2.08383092925607665835e-01+j8.02422795484712125802e-02
  -2.05578607623190079412e-01+j8.20181740626400868077e-02
  -2.04030838622309529384e-01+j8.47112946145363865380e-02
  -2.01490634849650657179e-01+j8.71480777452491583990e-02
  -1.98646424252215847428e-01+j8.80140067095781936102e-02
  -1.95401768623524152435e-01+j8.86522218622034091640e-02
  -1.92789157888742346270e-01+j9.01735052273634485331e-02
  -1.90556112057686327654e-01+j9.23543876195478952162e-02
  -1.87675861501475277349e-01+j9.38719207281053513725e-02
  -1.83674063500939954707e-01+j9.46078103366174705258e-02
  -1.80516569534101167793e-01+j9.53602795448888762575e-02
  -1.78100785995736393685e-01+j9.67348947193396313526e-02
  -1.74314565059578985284e-01+j9.81511847700676787198e-02
  -1.70986526160815444086e-01+j9.80626509883734398532e-02
  -1.68057890838437890002e-01+j1.00142601652277285496e-01
  -1.65071079270990406229e-01+j1.01361787788223814410e-01
  -1.61043756935613541215e-01+j1.01748191613783012244e-01
  -1.58440639475498218358e-01+j1.04191002620619657670e-01
  -1.55879397715130679769e-01+j1.04388294831517028372e-01
  -1.52255744051996766419e-01+j1.05876112174077427475e-01
  -1.50865745937269646326e-01+j1.06784476448583812158e-01
  -1.46942709611273591985e-01+j1.07468299047111984224e-01
  -1.43472650350654595819e-01+j1.09906610146050687238e-01
  -1.38937088458301216676e-01+j1.10257133326060005607e-01
  -1.36437322548891681873e-01+j1.13858686563267266778e-01
  -1.31041319579984189003e-01+j1.14969080179989704971e-01
  -1.27391727277182564837e-01+j1.17252361443793792772e-01
  -1.21508580994909659578e-01+j1.18851581854295604290e-01
  -1.16443941751974741616e-01+j1.20396296998479659934e-01
  -1.15000450145943233782e-01+j1.19460059041465116447e-01
  -1.15177683847554890306e-01+j1.27034769677448394765e-01
  -1.14693939609343945052e-01+j1.46705806007379202516e-01
  -1.00552205558835289212e-01+j1.62126209308858598712e-01
  -7.43548877857577866779e-02+j1.72795352814339303604e-01
  -5.15567742292657171799e-02+j1.78528439838393976347e-01
  -2.56880760453186002268e-02+j1.80697128074819246546e-01
  +2.27265845856159396168e-03+j1.76785836251488220894e-01
  +3.28820043978833298493e-02+j1.68579377713277023254e-01
  +6.30906340943909044183e-02+j1.58151640439731011600e-01
  +9.46609387224853215947e-02+j1.42228957077068257631e-01
  +1.23998925413009331020e-01+j1.20242167178489553492e-01
  +1.51962626420577034958e-01+j9.27736789893565394483e-02
  +1.78046447818426989418e-01+j5.92720631887497170776e-02
  +2.04872878518860768171e-01+j2.27975691479340575318e-02
  +2.28516385305337993428e-01-j1.78115077458689194390e-02
  +2.47706407712519838249e-01-j7.21979485370534135313e-02
  +2.64316148204936596233e-01-j1.37131783035983056962e-01
</dep>
<dep S[2,1] frequency>
  -5.69741643382965068376e-01-j2.16809544647860796829e+00
  -6.63617234065269290255e-01-j2.21574260200189332437e+00
  -7.60714210336734919515e-01-j2.25911285330612487954e+00
  -8.60663258938269337683e-01-j2.29793996006150624822e+00
  -9.63065202694998512278e-01-j2.33199628750961185375e+00
  -1.06749807466431589908e+00-j2.36107714137957902523e+00
  -1.17351597571473531545e+00-j2.38500753717091074080e+00
  -1.28065354342807657950e+00-j2.40374865208363974745e+00
  -1.38844827672176762690e+00-j2.41726221372927696507e+00
  -1.49643898101857297789e+00-j2.42556053719066033736e+00
  -1.60416068475010331618e+00-j2.42865911823732361086e+00
  -1.71116795332488313974e+00-j2.42667549812732730175e+00
  -1.81705087171527446266e+00-j2.41980311134938119721e+00
  -1.92141940534284749731e+00-j2.40823841995332221799e+00
  -2.02391515034729474465e+00-j2.39221355337877783498e+00
  -2.12416977648008353796e+00-j2.37192399445193391472e+00
  -2.22192390001822914769e+00-j2.34771421104540367608e+00
  -2.31694194379279627682e+00-j2.31990540424207969394e+00
  -2.40902050052769167721e+00-j2.28881665772406606152e+00
  -2.49798871139202649516e+00-j2.25476681210849871917e+00
  -2.58365694233819720438e+00-j2.21803386395453028257e+00
  -2.66600585640602494308e+00-j2.17900566930661865328e+00
  -2.74498543569699116063e+00-j2.13799765340111136425e+00
  -2.82057757173123224703e+00-j2.09531320751139649161e+00
  -2.89275761019442656519e+00-j2.05122454275283372382e+00
  -2.96153642731139132849e+00-j2.00599859798675117517e+00
  -3.02702946339276302012e+00-j1.95991654057919140186e+00
  -3.08931289405700537642e+00-j1.91320947102593130751e+00
  -3.14847725081287199700e+00-j1.86608760228992376362e+00
  -3.20456121682735250999e+00-j1.81872799837584153693e+00
  -3.25770491050816479728e+00-j1.77131152153689996886e+00
  -3.30805782524860614302e+00-j1.72399443953180941946e+00
  -3.35573860506815213611e+00-j1.67690635157633627372e+00
  -3.40086671530103057393e+00-j1.63015941022686572381e+00
  -3.44347514328402670714e+00-j1.58384940531971118993e+00
  -3.48376159996705592192e+00-j1.53806330612757746756e+00
  -3.52184593008287860627e+00-j1.49286933584228509453e+00
  -3.55783699820615284537e+00-j1.44832406042315442463e+00
  -3.59182130435768920407e+00-j1.40447626359180932631e+00
  -3.62384791594518684832e+00-j1.36137277549423907352e+00
  -3.65408140241178625018e+00-j1.31903705136667825926e+00
  -3.68261079867292728807e+00-j1.27749329272355316434e+00
  -3.70952031275661386900e+00-j1.23676053543725972261e+00
  -3.73485136754070712328e+00-j1.19686383827801012814e+00
  -3.75867805414847255818e+00-j1.15781770495004110444e+00
  -3.78111451991064351219e+00-j1.11961964009212366911e+00
  -3.80222899680519832444e+00-j1.08227495263521955593e+00
  -3.82208663143553550867e+00-j1.04578669661006973257e+00
  -3.84069588544086482074e+00-j1.01017933924489100583e+00
  -3.85815605740999600926e+00-j9.75438810989770477278e-01
  -3.87454312153554036868e+00-j9.41555129367290910558e-01
  -3.88991301192072569393e+00-j9.08523953272037942952e-01
  -3.90431802684282835969e+00-j8.76340415427610985866e-01
  -3.91775334514746775838e+00-j8.45033386228530636330e-01
  -3.93033305714945369047e+00-j8.14558134195931482502e-01
  -3.94210656965712091804e+00-j7.84903718429786900757e-01
  -3.95312176633625389499e+00-j7.56057668857579523447e-01
  -3.96340956250350773260e+00-j7.28018885711656627002e-01
  -3.97299783460348399089e+00-j7.00789004821367411679e-01
  -3.98196687395825232869e+00-j6.74321785113427440983e-01
  -3.99035853219614411458e+00-j6.48598724814292593166e-01
  -3.99821313045428095023e+00-j6.23600052990892717020e-01
  -4.00554727096139107090e+00-j5.99329844437176073590e-01
  -4.01240762752325696994e+00-j5.75758729815277647823e-01
  -4.01884681739443028192e+00-j5.52845061669827608775e-01
  -4.02489895302558586820e+00-j5.30564475392665602094e-01
  -4.03059666532684435225e+00-j5.08891731070179487162e-01
  -4.03594807373091679636e+00-j4.87835603898192138317e-01
  -4.04100536055060288732e+00-j4.67339036897353565791e-01
  -4.04580089941011955545e+00-j4.47368361725615393265e-01
  -4.05036155643578510421e+00-j4.27895293401516274567e-01
  -4.05471040940263449670e+00-j4.08895775489332424790e-01
  -4.05885918143663371183e+00-j3.90366606688731243580e-01
  -4.06284885375564819299e+00-j3.72244797384841008547e-01
  -4.06670123625892276920e+00-j3.54499785835209746399e-01
  -4.07043704250335292016e+00-j3.37100511953829173883e-01
  -4.07407102829282141698e+00-j3.20028045006270522865e-01
  -4.07762095882275765746e+00-j3.03254648810161564487e-01
  -4.08111207819563048815e+00-j2.86728546233658287967e-01
  -4.08456083645864964637e+00-j2.70416582281849504632e-01
  -4.08798271982378302880e+00-j2.54285052905396602441e-01
  -4.09138735603653636019e+00-j2.38316618827139475867e-01
  -4.09479197789193438695e+00-j2.22465541977023700815e-01
  -4.09821150987378235442e+00-j2.06688075948658511738e-01
  -4.10165737458640933255e+00-j1.90948150933519578132e-01
  -4.10513998776907662602e+00-j1.75209076083194192908e-01
  -4.10866455244300876615e+00-j1.59451445495292110088e-01
  -4.11224395093709205184e+00-j1.43618200889658154118e-01
  -4.11588545081916734603e+00-j1.27670014272527609922e-01
  -4.11959500178188964270e+00-j1.11567861357308589776e-01
  -4.12337662579287034248e+00-j9.52754668847658747755e-02
  -4.12459902827155033833e+00-j8.41385736106595311101e-02
  -4.12299956894798924623e+00-j7.86963616053536069161e-02
  -4.12676305144822030968e+00-j6.79055202465196489081e-02
  -4.13550026306493645478e+00-j5.20769739862402339381e-02
  -4.14817895003380332497e+00-j3.55698255510089253462e-02
  -4.16093121172364543980e+00-j2.00755437459243860077e-02
  -4.14993139504663144379e+00-j2.56254498006846798130e-02
  -4.14554169048238385642e+00-j1.97407958258069525515e-02
  -4.14840165825202422667e+00-j2.47179684351997528552e-03
  -4.16092948835355258552e+00+j1.44135503368896956272e-02
  -4.15872872204518539974e+00+j2.56767684790751224422e-02
  -4.15481392219793388421e+00+j3.19100454283409995515e-02
  -4.15768535079062395710e+00+j3.76274013601046938837e-02
  -4.15880062801496119818e+00+j5.63861413077967194019e-02
  -4.15649578695772881076e+00+j7.05330444237828313447e-02
  -4.15738114695955562894e+00+j6.95590795811170670149e-02
  -4.16181226036920470790e+00+j8.39351150795705908125e-02
  -4.16173337489912054110e+00+j1.03196498847406642474e-01
  -4.16617935632613001218e+00+j1.23974414935393614789e-01
  -4.17573935229534587421e+00+j1.32580269554630675310e-01
  -4.17550332284426062301e+00+j1.43367968676504392578e-01
  -4.16890081807522783208e+00+j1.58807646156961718154e-01
  -4.16895203254242741053e+00+j1.79573750577864926781e-01
  -4.17262672400204515100e+00+j1.92539146489067003465e-01
  -4.16918754454818341060e+00+j2.09087564371811113206e-01
  -4.16859061750044013195e+00+j2.20883492551581461782e-01
  -4.16907390732612181949e+00+j2.38558633160603744683e-01
  -4.14725512392182960042e+00+j2.59909176326731605755e-01
  -4.13824175518109260707e+00+j2.76248400097988566770e-01
  -4.14089135269065167222e+00+j2.98990934081470094430e-01
  -4.13598800645581299307e+00+j3.17086505249259076322e-01
  -4.12255312829640008232e+00+j3.38307129577908705098e-01
  -4.13402312319459142032e+00+j3.49669039624579236492e-01
  -4.12558371357969022597e+00+j3.72162961627175103985e-01
  -4.12622781256173709608e+00+j4.02364672842918658091e-01
  -4.12639813212264350284e+00+j4.05970544064302996112e-01
  -4.11786927295492777290e+00+j4.26576747159616631588e-01
  -4.11740823073213135785e+00+j4.61012366040564502967e-01
  -4.10967355278086010628e+00+j4.93018233074188017007e-01
  -4.11330062708108368241e+00+j5.11288287471963753816e-01
  -4.10962167661686628151e+00+j5.38138073383648940506e-01
  -4.10360049501178103526e+00+j5.60246200424754592362e-01
  -4.09510862331440872453e+00+j5.99251793203349536476e-01
  -4.09113476204559312066e+00+j6.25021001145339649696e-01
  -4.07885063923345203563e+00+j6.58041683177349123746e-01
  -4.06213895109414568907e+00+j6.81676877589293073179e-01
  -4.06199756908285003476e+00+j7.03413227525909956483e-01
  -4.06027972587203578314e+00+j7.37034098968527229268e-01
  -4.05857249471746239777e+00+j7.85847281330389280107e-01
  -4.02927009924409773589e+00+j8.34859854161885350798e-01
  -4.01584321432421553766e+00+j8.43319296367569193329e-01
  -4.02093434549455341909e+00+j8.81616593685013549830e-01
  -4.00359605411200014657e+00+j9.39732254155684842978e-01
  -3.98853081832762423886e+00+j9.82051503381048074282e-01
  -3.95464335974857927880e+00+j1.01123166382290863297e+00
  -3.95052056394269079931e+00+j1.04547416872763476725e+00
  -3.93458308490121089207e+00+j1.09223256262882628675e+00
  -3.91071537114178147121e+00+j1.12523304514754785011e+00
  -3.89969804738560910096e+00+j1.19666234025279094588e+00
  -3.85608686155645896676e+00+j1.23421417436415281621e+00
  -3.86081954925198633788e+00+j1.26450759357140518624e+00
  -3.84077230489533771873e+00+j1.34510185091875023033e+00
  -3.80185131343534887804e+00+j1.38336770481753990047e+00
  -3.77502786578308002774e+00+j1.42376641765990430422e+00
  -3.76023185738296295000e+00+j1.48357505758559748976e+00
  -3.70876310240669448959e+00+j1.55748132452557785932e+00
  -3.69859198039184633444e+00+j1.58433582350592216947e+00
  -3.65993613760440483773e+00+j1.67385101066905450651e+00
  -3.61249985431124009949e+00+j1.74784784397148218460e+00
  -3.59162460309212772103e+00+j1.77253995378380779790e+00
  -3.52896994823689214016e+00+j1.89184294520434326259e+00
  -3.51205010588951660466e+00+j1.93701497992532600811e+00
  -3.43309722175848408554e+00+j2.01067710223209195064e+00
  -3.40415372895073442550e+00+j2.07536905887735789733e+00
  -3.31722237678693732121e+00+j2.19333917422579194323e+00
  -3.30364335952261534146e+00+j2.24046101899609162444e+00
  -3.22815843738674912444e+00+j2.32395075606479339925e+00
  -3.15058517621822486987e+00+j2.39052472146268302211e+00
  -3.07960591823793361499e+00+j2.45802383304981875156e+00
  -2.95526297588958453133e+00+j2.56278184218528037874e+00
  -2.93372591866507459457e+00+j2.63398906389831788388e+00
  -2.80765667815990616063e+00+j2.72047526268151163009e+00
  -2.71742750247897513205e+00+j2.80666905370053632041e+00
  -2.57730272815431771249e+00+j2.94995117562209685502e+00
  -2.50230172987755761227e+00+j3.03304699831860036241e+00
  -2.35662843183914461065e+00+j3.05271209293241696514e+00
  -2.23320277269353217875e+00+j3.14706375608232091778e+00
  -2.06223480871657205427e+00+j3.21504994450484238300e+00
  -1.90559725932291623707e+00+j3.27045118943544510515e+00
  -1.72417545619610890206e+00+j3.37010812811975135617e+00
  -1.57971910537643500660e+00+j3.40201102882756467594e+00
  -1.36277501440017645429e+00+j3.44473283644833694339e+00
  -1.20801806620822671512e+00+j3.51722305090621789603e+00
  -1.06142670788640369750e+00+j3.57245251339287905878e+00
  -8.89582424246569192228e-01+j3.63796256208959123413e+00
  -6.05885326875367558053e-01+j3.71748481334798386300e+00
  -3.21187875301743475109e-01+j3.74035876720760196434e+00
  -6.77192748306846559192e-02+j3.77290736438246598894e+00
  +2.25452468965156138658e-01+j3.70971967812419212152e+00
  +4.37676983443674227914e-01+j3.68370659754000184805e+00
  +8.65900352314514232255e-01+j3.57884946171818940641e+00
  +1.18155240786675141962e+00+j3.52498512280069586922e+00
  +1.45655167822293107882e+00+j3.29524989096697407120e+00
  +1.81421116928056624928e+00+j3.04088472648833318956e+00
  +2.11776479199015099653e+00+j2.77617194555898549879e+00
  +2.41148389789386374815e+00+j2.43184166274944368880e+00
  +2.64254445921797520569e+00+j2.01498345278112989121e+00
  +2.78194135998570546420e+00+j1.54497576123165947237e+00
  +2.85114432317539101547e+00+j1.01842593546696713602e+00
  +2.74474637218378614278e+00+j5.02551598933495435872e-01
</dep>
<dep S[1,2] frequency>
  +1.05370206350963915160e-02+j9.81582369332072712798e-02
  +1.43167800787386764738e-02+j1.00830009860382943665e-01
  +1.82640813177149079205e-02+j1.03334118169493907602e-01
  +2.23643876904912053405e-02+j1.05656448378907891206e-01
  +2.66015996272013534318e-02+j1.07784385055134365738e-01
  +3.09584672040384908942e-02+j1.09706176740657371238e-01
  +3.54164977595609400951e-02+j1.11411224480276557780e-01
  +3.99554558703570372735e-02+j1.12894741040370671925e-01
  +4.45552260296863747446e-02+j1.14151997493146639684e-01
  +4.91954190075341094013e-02+j1.15180489383196194009e-01
  +5.38554628217473366214e-02+j1.15977842989152923892e-01
  +5.85149728390091244945e-02+j1.16546263229205984691e-01
  +6.31546200612701363886e-02+j1.16891496888976140212e-01
  +6.77559282467512513648e-02+j1.17019563190051523183e-01
  +7.23015727213424802544e-02+j1.16938246553924998783e-01
  +7.67740476610477146080e-02+j1.16653687648299378421e-01
  +8.11596210109484794692e-02+j1.16179206317574043594e-01
  +8.54457577714960864190e-02+j1.15527268902603605372e-01
  +8.96213452929498777255e-02+j1.14710459192568309250e-01
  +9.36766971638405276934e-02+j1.13741560401026522986e-01
  +9.76015916375361641810e-02+j1.12631465476114037139e-01
  +1.01392488766679597645e-01+j1.11396916189997488567e-01
  +1.05044996712293475793e-01+j1.10051309793137139237e-01
  +1.08556192353442410026e-01+j1.08607717664280928327e-01
  +1.11923079401601122118e-01+j1.07077810582444976628e-01
  +1.15144241238601924282e-01+j1.05473247748004428370e-01
  +1.18222694264808428355e-01+j1.03806953154463282862e-01
  +1.21160079967257278133e-01+j1.02089419775791098721e-01
  +1.23958794313364831230e-01+j1.00330313100265022808e-01
  +1.26619209764465889823e-01+j9.85375254407108575050e-02
  +1.29146048466638657670e-01+j9.67197362709747571197e-02
  +1.31544585346492937106e-01+j9.48846025868218673205e-02
  +1.33818927761741618410e-01+j9.30384189575270692529e-02
  +1.35973320852193935160e-01+j9.11867155172287474629e-02
  +1.38008391077820868897e-01+j8.93337640691600765042e-02
  +1.39931887814789907010e-01+j8.74844631846954240428e-02
  +1.41748317227829156995e-01+j8.56424015093087687145e-02
  +1.43461773763957106675e-01+j8.38105812838938479814e-02
  +1.45075429479587181270e-01+j8.19915163154694703884e-02
  +1.46590857658527057295e-01+j8.01873922332941857505e-02
  +1.48014698502382052725e-01+j7.84000806254683130225e-02
  +1.49350337625217988169e-01+j7.66310053332223406475e-02
  +1.50600969115247812491e-01+j7.48813227670871855990e-02
  +1.51767913398972914552e-01+j7.31521722910930261019e-02
  +1.52853932670492076440e-01+j7.14444223800331928986e-02
  +1.53863571341702060069e-01+j6.97584364600858652938e-02
  +1.54799352039824034133e-01+j6.80946171386513920964e-02
  +1.55663659414461946762e-01+j6.64532337253648658359e-02
  +1.56456338142202749930e-01+j6.48351128163137391258e-02
  +1.57181281688887397596e-01+j6.32399570114339504290e-02
  +1.57841342735960649124e-01+j6.16674834229508569972e-02
  +1.58438469094440870233e-01+j6.01175093439253599437e-02
  +1.58974433422760769163e-01+j5.85897858245704519775e-02
  +1.59448402789075877051e-01+j5.70851363471896813828e-02
  +1.59864917972156461712e-01+j5.56019333062690648828e-02
  +1.60225580121501232078e-01+j5.41395793552078216648e-02
  +1.60531903906753481426e-01+j5.26973773464770589570e-02
  +1.60784605825155246794e-01+j5.12749833862532547468e-02
  +1.60984236723637041955e-01+j4.98721197886608444416e-02
  +1.61133737782027691710e-01+j4.84867670348231236122e-02
  +1.61234262471657535665e-01+j4.71178227162286911156e-02
  +1.61286867060051519740e-01+j4.57640909095984038668e-02
  +1.61291474220809666340e-01+j4.44252012049505193292e-02
  +1.61249373062585216188e-01+j4.30995212579870015657e-02
  +1.61162100580277328765e-01+j4.17849095749458637750e-02
  +1.61030296493071850561e-01+j4.04798046560555721540e-02
  +1.60854492353873917976e-01+j3.91825627442742019380e-02
  +1.60634022509638929588e-01+j3.78927604434176543147e-02
  +1.60370253373358695459e-01+j3.66074680256511381105e-02
  +1.60063572289729588727e-01+j3.53245712339557912940e-02
  +1.59714056124166642325e-01+j3.40421033673816778031e-02
  +1.59321547839320787343e-01+j3.27582025080487559965e-02
  +1.58885293892802148541e-01+j3.14717345204340581688e-02
  +1.58405870786034602693e-01+j3.01792606578641202375e-02
  +1.57882878942103066500e-01+j2.88785027405430057279e-02
  +1.57315797959725833799e-01+j2.75671042319328048198e-02
  +1.56703751745382258154e-01+j2.62431009901760367575e-02
  +1.56045933123412666754e-01+j2.49041321668580228899e-02
  +1.55341807829024264320e-01+j2.35468742641572956198e-02
  +1.54590337319585796605e-01+j2.21686353022216599273e-02
  +1.53790347232341972905e-01+j2.07666340373542125664e-02
  +1.52940296065418868121e-01+j1.93386202536610200819e-02
  +1.52038900216375533203e-01+j1.78812183186960529935e-02
  +1.51084658694762091757e-01+j1.63910566516849189045e-02
  +1.50075796535273864318e-01+j1.48649703839781703596e-02
  +1.49010376317274789715e-01+j1.32996925967632118742e-02
  +1.47886115034622289688e-01+j1.16924917201476422091e-02
  +1.46700934002617550123e-01+j1.00391981631632095512e-02
  +1.45452369860746749675e-01+j8.33619961647866225540e-03
  +1.44137761008639592175e-01+j6.57980700974256701302e-03
  +1.42754221107264961388e-01+j4.76633573158633753325e-03
  +1.42655178573172863876e-01+j4.92353239135683885819e-03
  +1.44001743765669681929e-01+j7.27263820524822867525e-03
  +1.44023544791885005356e-01+j7.35007242822206200566e-03
  +1.42800894509257092491e-01+j5.31383587660470575048e-03
  +1.43560435923150986337e-01+j4.66493353103639325774e-03
  +1.45019657041623784011e-01+j4.45206896887612342539e-03
  +1.45352862656438069910e-01+j3.07814575810050729612e-03
  +1.45106101809234500077e-01+j3.13017440758484206953e-03
  +1.44392418461051719181e-01+j4.47826230510728080098e-03
  +1.45222731108994113081e-01+j3.96642737512454667675e-03
  +1.44774499238607995411e-01+j3.03813695656722027386e-03
  +1.44706088177811054152e-01+j2.28463329999526202838e-03
  +1.45645934318403585950e-01+j2.38650121158596063148e-03
  +1.45013049287969014722e-01+j3.83838440901907882938e-03
  +1.45745813994514333833e-01+j4.43949492128897782450e-03
  +1.45417721197713595283e-01+j3.89587363567372264514e-03
  +1.45450063669915002906e-01+j2.14219301313604056775e-03
  +1.44748222317526986647e-01+j2.18875581294670400537e-03
  +1.44952456967934600884e-01+j1.61946148202074795969e-03
  +1.45524667106316174525e-01+j8.63137531397974600705e-04
  +1.44627119455837505058e-01+j9.56132134621046569055e-04
  +1.45450566793138114097e-01+j1.06828034311624766456e-03
  +1.45624542827228253827e-01+j1.13123090843838657732e-03
  +1.45611536391377555111e-01+j5.07703603286207422185e-04
  +1.45305023336848831983e-01-j3.22033093917002536700e-04
  +1.45810413499413510374e-01-j2.29528994880449509382e-04
  +1.46251295430780026141e-01-j4.88043595758585763839e-04
  +1.46162749063776520320e-01-j4.14069995535120034813e-04
  +1.45013704422977895980e-01-j1.06763093959639067745e-03
  +1.45522992166572828765e-01-j1.36521820607580948552e-03
  +1.45141983784124406487e-01-j1.69954658995996404046e-03
  +1.45226956690866715327e-01-j1.41194701177586325568e-03
  +1.45144827710329493708e-01-j2.08712219906532657140e-03
  +1.44747421654821378789e-01-j2.22936078860794771594e-03
  +1.45072208129594426573e-01-j2.88221006988051897321e-03
  +1.45199825698324430645e-01-j3.11051462688290711670e-03
  +1.45086739520835894535e-01-j3.64057357973643618693e-03
  +1.45411396328789438437e-01-j3.34743235734353107927e-03
  +1.45203188998913879093e-01-j3.99894308432167770728e-03
  +1.45215630321421845794e-01-j4.14713639661418078525e-03
  +1.44759162552481668307e-01-j4.36751265666292329964e-03
  +1.45159676887032795811e-01-j4.70712367289509697049e-03
  +1.44725814197252639071e-01-j5.35777347721874772773e-03
  +1.44866169968282748615e-01-j5.45596566018699113271e-03
  +1.44659908075379151082e-01-j6.14248745713404705610e-03
  +1.44253409169921659183e-01-j6.38646096463867021104e-03
  +1.44635713154730505270e-01-j6.71589315339165150026e-03
  +1.44269712921316906051e-01-j6.92881961229098019411e-03
  +1.44291796993037485519e-01-j7.46068929472998992880e-03
  +1.44122005852925172409e-01-j8.15503790696307621910e-03
  +1.44024635047924592923e-01-j8.16194633092378468708e-03
  +1.43653809071547317044e-01-j8.78436773063732620481e-03
  +1.43395597015951392628e-01-j9.31397666735082896405e-03
  +1.43000216165281995861e-01-j9.76736986435960963249e-03
  +1.42856066836938216946e-01-j1.00622726227565552348e-02
  +1.42764823150048597578e-01-j1.03093853868767518916e-02
  +1.42859796298153818306e-01-j1.11433255246932635951e-02
  +1.42306691044700950322e-01-j1.17773740388008828217e-02
  +1.42202273339316676015e-01-j1.20922959592581324290e-02
  +1.41931049478509235806e-01-j1.23951021669818726295e-02
  +1.41675667689687229123e-01-j1.31581505982712836100e-02
  +1.40880661161474740606e-01-j1.36631970572466693997e-02
  +1.41544687950963476997e-01-j1.39564516464768667570e-02
  +1.40534335425889944649e-01-j1.53681398071781240983e-02
  +1.40290738717795959722e-01-j1.56872944826023062725e-02
  +1.39642601717957365315e-01-j1.67475540077682283346e-02
  +1.39310101560604887583e-01-j1.63296432048122969194e-02
  +1.38180558110992723897e-01-j1.79122882359947568909e-02
  +1.38514613808413455942e-01-j1.77413577943763556277e-02
  +1.36872890650994560868e-01-j1.91240018941023597054e-02
  +1.37317651637220067284e-01-j1.92672936324356051940e-02
  +1.35765975842349534419e-01-j2.00937146793656214172e-02
  +1.34873973761026527685e-01-j2.03346306695137320208e-02
  +1.34623926407882038569e-01-j2.13439884028358735357e-02
  +1.34176176831033971970e-01-j2.21246327589463449848e-02
  +1.32468859475222022759e-01-j2.21872944652119763465e-02
  +1.32987006196996188079e-01-j2.28355691669679117251e-02
  +1.30441856083758356277e-01-j2.32662252642130522318e-02
  +1.29920760517729744210e-01-j2.45182527836972953550e-02
  +1.28541133336798923947e-01-j2.55646056952844175081e-02
  +1.27755339434642234409e-01-j2.48011321396258560545e-02
  +1.25585481454790065525e-01-j2.72176318233341915653e-02
  +1.25560623762356937672e-01-j2.63274407813251336286e-02
  +1.24175122363031312234e-01-j2.64383300922598797611e-02
  +1.23897555517539448289e-01-j2.66301270610389030635e-02
  +1.19881317770164211312e-01-j2.64520271714403405749e-02
  +1.18986934145935308038e-01-j2.79624577778836355679e-02
  +1.17985834685168974878e-01-j2.69132663924423233548e-02
  +1.15819373897501007309e-01-j2.82142251373468794240e-02
  +1.14321375508494138540e-01-j2.67188355550241583847e-02
  +1.13957041410621975897e-01-j2.75987395069261856606e-02
  +1.13105900087485625183e-01-j2.73413781899994288993e-02
  +1.12632892560603492527e-01-j2.61390179496292680839e-02
  +1.13167341040823127285e-01-j2.71102364966707004568e-02
  +1.11194123240719977552e-01-j3.07590264138116534220e-02
  +1.07438584600750661191e-01-j3.12966697394483003847e-02
  +1.05419780486918482354e-01-j3.04371294990439904271e-02
  +1.02883097491679897928e-01-j3.11122447735412872849e-02
  +1.00773745357280966606e-01-j3.11447659297556384006e-02
  +9.84823096820079540992e-02-j3.14364849791336428697e-02
  +9.60431874346107244955e-02-j2.85497630969522887823e-02
  +9.35501722069819185990e-02-j2.92740775896923287325e-02
  +9.19525128322420809424e-02-j2.96167790559742072354e-02
  +8.98280218431130317303e-02-j2.87418629603858714894e-02
  +8.69685271119225999925e-02-j2.82514962524619828166e-02
  +8.44203251416948130537e-02-j2.84075910407428668114e-02
  +8.10308281164909410821e-02-j2.86225459050269276373e-02
  +7.75515434506252460123e-02-j2.77999118172075100619e-02
  +7.34143101175766393807e-02-j2.72480804224092716670e-02
  +6.98016436984979227187e-02-j2.55770972660053878822e-02
</dep>
<dep S[1,1] frequency>
  +4.97832097446371357741e-01-j2.59704905666260199570e-01
  +4.81430837229251895604e-01-j2.69846739981380090434e-01
  +4.64347411820887401301e-01-j2.79353569193833362050e-01
  +4.46637975269111198173e-01-j2.88167331644336943697e-01
  +4.28365348188539274421e-01-j2.96235488389895329497e-01
  +4.09597698869498483276e-01-j3.03507007400634409855e-01
  +3.90409218295452165037e-01-j3.09934163646250149249e-01
  +3.70880276078746962121e-01-j3.15499241687733800177e-01
  +3.51091776795838250713e-01-j3.20180607973467257210e-01
  +3.31126194339461499272e-01-j3.23965628743119515853e-01
  +3.11068603333619186913e-01-j3.26839137258985612533e-01
  +2.91002448161047921893e-01-j3.28808507433214214366e-01
  +2.71005996260687664901e-01-j3.29897638477216648134e-01
  +2.51155361267751398024e-01-j3.30129215916497631422e-01
  +2.31522189353725704741e-01-j3.29533380035610390379e-01
  +2.12182351072002173265e-01-j3.28129681834058772871e-01
  +1.93190885657094663097e-01-j3.25975020928962411215e-01
  +1.74599521032480275995e-01-j3.23120446048647091963e-01
  +1.56454837642565042222e-01-j3.19616857034831114426e-01
  +1.38798047419395886859e-01-j3.15515796060781228416e-01
  +1.21676020985022295684e-01-j3.10858625908186025910e-01
  +1.05099865916000179134e-01-j3.05717915733457634708e-01
  +8.90883059461516219057e-02-j3.00148754914352222656e-01
  +7.36539298026615829595e-02-j2.94205034404523502189e-01
  +5.88115432700236917540e-02-j2.87933889600828107902e-01
  +4.45686886313085076083e-02-j2.81383179881041112225e-01
  +3.09098639764255889162e-02-j2.74608419506381262742e-01
  +1.78284511263206886522e-02-j2.67653193461484639748e-01
  +5.31465893702649707503e-03-j2.60557713798089007895e-01
  -6.62950748168567548235e-03-j2.53353710187217640026e-01
  -1.80252138589932012214e-02-j2.46078224505817066969e-01
  -2.88961171708914214828e-02-j2.38763939471587166574e-01
  -3.92591746882990574874e-02-j2.31437247105963084248e-01
  -4.91318920228531047512e-02-j2.24121426979288107528e-01
  -5.85120519770465571940e-02-j2.16833687548113746013e-01
  -6.74360587117028287274e-02-j2.09595916456420339191e-01
  -7.59227549153904390788e-02-j2.02423652707971191145e-01
  -8.39888587469958397547e-02-j1.95330042305753542875e-01
  -9.16462416292002229889e-02-j1.88326246041829042932e-01
  -9.88982918447433995146e-02-j1.81422144749917191309e-01
  -1.05776073351912511256e-01-j1.74627110133505958345e-01
  -1.12293243736923786802e-01-j1.67948384718974913499e-01
  -1.18462669556390051695e-01-j1.61392301474218707869e-01
  -1.24287294262683589707e-01-j1.54965362289718300293e-01
  -1.29778139780903994938e-01-j1.48673264434236368503e-01
  -1.34956189730363745882e-01-j1.42519705580176236914e-01
  -1.39831716189028343322e-01-j1.36508751364566416342e-01
  -1.44414510022606606965e-01-j1.30644130091838034380e-01
  -1.48700760066961590322e-01-j1.24932553187661332661e-01
  -1.52709005378049655910e-01-j1.19375664295740799292e-01
  -1.56452397814033222767e-01-j1.13975384519848788045e-01
  -1.59939419442458374832e-01-j1.08734366461547410365e-01
  -1.63177859582962353491e-01-j1.03655198057781616772e-01
  -1.66161439394817700421e-01-j9.87461343633152244248e-02
  -1.68913671748916777160e-01-j9.40034023118322542567e-02
  -1.71442207924120265661e-01-j8.94285987864775616663e-02
  -1.73754490052970667069e-01-j8.50230587184389319244e-02
  -1.75853807923346650011e-01-j8.07901842281888438180e-02
  -1.77742777440934196509e-01-j7.67340041519952303917e-02
  -1.79437539313731991841e-01-j7.28498020428727938169e-02
  -1.80944613604637843940e-01-j6.91378055399795438118e-02
  -1.82270249681136170539e-01-j6.55980044020743474631e-02
  -1.83414635260445574305e-01-j6.22349820696723732283e-02
  -1.84385844603859455626e-01-j5.90469922542576214353e-02
  -1.85193630748435589251e-01-j5.60298426442092933897e-02
  -1.85843013229468639880e-01-j5.31826447842712810021e-02
  -1.86338681773095010685e-01-j5.05043520183029170934e-02
  -1.86678867526614639116e-01-j4.80007284033801273626e-02
  -1.86873511320078566911e-01-j4.56644846032540629999e-02
  -1.86927342947479452340e-01-j4.34929521229909590851e-02
  -1.86843632683047100596e-01-j4.14845635367041970509e-02
  -1.86624622110766219540e-01-j3.96386505896384050418e-02
  -1.86269480044640861616e-01-j3.79588504908722479403e-02
  -1.85785191901343127441e-01-j3.64366805392398879215e-02
  -1.85173536014059419985e-01-j3.50702888384718039494e-02
  -1.84435918914796603829e-01-j3.38577847628418471260e-02
  -1.83572059247988667030e-01-j3.27998384209193249994e-02
  -1.82582394771089367991e-01-j3.18953899922193515049e-02
  -1.81469222697401677546e-01-j3.11385196576054769368e-02
  -1.80232332285382490511e-01-j3.05272219872978756161e-02
  -1.78871090554533040962e-01-j3.00594800087035859959e-02
  -1.77383175943229831617e-01-j2.97367382809359190321e-02
  -1.75768050806261205699e-01-j2.95547280538731201027e-02
  -1.74024310322172387488e-01-j2.95097322308575001071e-02
  -1.72149393536225908674e-01-j2.95997550569373733820e-02
  -1.70140210397518809593e-01-j2.98228345096796035318e-02
  -1.67992199349389137453e-01-j3.01806686764116462174e-02
  -1.65702214413316756270e-01-j3.06675267117794761451e-02
  -1.63265414841597927831e-01-j3.12815003115894038621e-02
  -1.60676273027980626162e-01-j3.20209822066431712417e-02
  -1.57928457813253819708e-01-j3.28851707286207245451e-02
  -1.58300552819376272318e-01-j3.10394707272449617286e-02
  -1.62202887065627882057e-01-j2.61612889645559433538e-02
  -1.64356974334236849433e-01-j2.45527374736161652091e-02
  -1.64850049732190501173e-01-j2.59778960208723735947e-02
  -1.62946274544467001322e-01-j2.36363686129622413423e-02
  -1.60375636541448013395e-01-j2.01404489970877093041e-02
  -1.61925706465963187286e-01-j2.11876820411767904928e-02
  -1.63611754249169877307e-01-j1.92221344268128160881e-02
  -1.65164855295445778260e-01-j1.47487299049357881153e-02
  -1.62696750047275517925e-01-j1.72630573144481394565e-02
  -1.64685100508166426536e-01-j1.61478165795690339901e-02
  -1.66303445885093492684e-01-j1.41840293461718315593e-02
  -1.64778488956917323893e-01-j1.33771158568454454768e-02
  -1.64569792010643867197e-01-j1.27118859114777865010e-02
  -1.67500844624017153350e-01-j1.07061563645270176048e-02
  -1.66858749329762523494e-01-j8.77062900356652408451e-03
  -1.68518375958592647734e-01-j9.39749810076635251621e-03
  -1.67604934059360693999e-01-j8.72489198923736761215e-03
  -1.69387305426720313761e-01-j5.47618280807776747210e-03
  -1.68252347561029080847e-01-j5.82958196363671764251e-03
  -1.68953073212340876275e-01-j3.25003390868782576772e-03
  -1.69018074148408636859e-01-j3.34056098006381982715e-04
  -1.70405681552874360696e-01-j7.08862954315397095564e-04
  -1.69993115577141640227e-01+j1.68072106089885110400e-03
  -1.71395587244850239328e-01+j2.70235225594702560548e-03
  -1.71998802785738397203e-01+j4.21078606549346156490e-03
  -1.71526217683220683075e-01+j5.20375583697917434844e-03
  -1.71604995653779235365e-01+j6.61658186801227215373e-03
  -1.70391402703490207893e-01+j8.58891954463444039225e-03
  -1.71720096213879541702e-01+j9.53199410404745491043e-03
  -1.71711143296191359742e-01+j1.13398131339438046350e-02
  -1.71593975164693018920e-01+j1.28520817123119086844e-02
  -1.71632249074737952554e-01+j1.36147463687078095623e-02
  -1.70705711672099635923e-01+j1.63479514586441776469e-02
  -1.69813785398584604636e-01+j1.74532703692220278469e-02
  -1.69565419728861577209e-01+j1.90541739479692627535e-02
  -1.68693611787547825820e-01+j2.00777436905862430305e-02
  -1.68499911948207459211e-01+j2.12926114858320164602e-02
  -1.66719736525812178840e-01+j2.36145203568652282955e-02
  -1.65943444830633640708e-01+j2.62188374828674179706e-02
  -1.64970355606565088902e-01+j2.84717157918435576081e-02
  -1.64460336430754444637e-01+j3.09556103485209600790e-02
  -1.63467873484154230246e-01+j3.25293156238731992480e-02
  -1.63116934695988424764e-01+j3.54466480562550187439e-02
  -1.62195215487714955449e-01+j3.74515222225162702774e-02
  -1.61574202218636608919e-01+j3.97312123500574085333e-02
  -1.60455040637687534888e-01+j4.14382418913111921777e-02
  -1.59410176078469828509e-01+j4.27674897833201853037e-02
  -1.58535639878648215717e-01+j4.48582316115375828725e-02
  -1.57527178574487142226e-01+j4.60522356305800711906e-02
  -1.55752017984829932429e-01+j4.77638790468362245401e-02
  -1.53954822561724269381e-01+j4.89199123256007853411e-02
  -1.51660586227877342003e-01+j5.09081399062994294225e-02
  -1.49992788109009733688e-01+j5.35264871637325251319e-02
  -1.47524098945440440556e-01+j5.49402382345737655411e-02
  -1.45406245303231984600e-01+j5.64010510524822969436e-02
  -1.43762809428396975964e-01+j5.70735146697054426812e-02
  -1.40972536653414026731e-01+j5.76541446867791448905e-02
  -1.39034805484328838343e-01+j5.87746888225025854169e-02
  -1.36520096356013115324e-01+j5.98807290823959309511e-02
  -1.34871276860805605624e-01+j6.08080355438611885877e-02
  -1.33609395826570387378e-01+j6.24361137806506288905e-02
  -1.31997272270711507591e-01+j6.33206545117524499666e-02
  -1.31186665926722623166e-01+j6.36104190096152682932e-02
  -1.29928463685917983117e-01+j6.35398179626328329928e-02
  -1.28543248008631094681e-01+j6.45279664158446703004e-02
  -1.26616101134060826672e-01+j6.54111026649093485474e-02
  -1.25808207256856596779e-01+j6.63427624207524879729e-02
  -1.24917534092284440717e-01+j6.75588846990389235714e-02
  -1.23740534331427551318e-01+j6.78852180062050059028e-02
  -1.22280547787446486341e-01+j6.91725331126943898674e-02
  -1.20787548125774718555e-01+j6.98399759912238932147e-02
  -1.20719718344564963530e-01+j7.03385469472621732701e-02
  -1.19121647295179267090e-01+j7.14387249705530497090e-02
  -1.18827817712437069919e-01+j7.26223703137280490738e-02
  -1.18868673141584044184e-01+j7.25708900123611944100e-02
  -1.17586925348161772109e-01+j7.32168188588859375487e-02
  -1.17960709224659399119e-01+j7.44923971137449736357e-02
  -1.18250022605047869217e-01+j7.51827446798387644122e-02
  -1.18888294777892478127e-01+j7.67645219329988470758e-02
  -1.18969578320552132888e-01+j7.84496593284867843598e-02
  -1.19849803673112431657e-01+j7.81238421002189153963e-02
  -1.17716190787319166522e-01+j8.08924557131832366874e-02
  -1.20180846529275214829e-01+j8.55519563475980598932e-02
  -1.21020386002600843778e-01+j8.50012109177410019045e-02
  -1.17637373669621000949e-01+j9.13213515792082736189e-02
  -1.25960559900377300213e-01+j9.56352712616118094680e-02
  -1.21480594828916751982e-01+j9.20661288000198946291e-02
  -1.20492775892013334604e-01+j1.04995310535406949359e-01
  -1.22070541408502417080e-01+j1.08538413543105852210e-01
  -1.24614042776218070241e-01+j1.19019829098404181233e-01
  -1.20993818898891408731e-01+j1.19860768949007573392e-01
  -1.24100208241596801639e-01+j1.30280649461571723657e-01
  -1.17231163398417853605e-01+j1.36128734154234320997e-01
  -1.20912588022996009274e-01+j1.59689861914424774403e-01
  -1.03877910874048837164e-01+j1.70328826296620966518e-01
  -8.84732602698677234043e-02+j1.79780156714815342323e-01
  -6.96773306933654579254e-02+j1.89665304187350003406e-01
  -5.13881288971689206835e-02+j1.97241168351160872652e-01
  -2.59994731199290271539e-02+j1.99689527442649256139e-01
  -2.12787343869874851290e-03+j1.99972424292441691707e-01
  +2.49347984966552388419e-02+j1.97862356582504755886e-01
  +5.60703268593469791869e-02+j1.89022546118112477753e-01
  +9.09643539616260682346e-02+j1.72726507035372706111e-01
  +1.19666253394988431058e-01+j1.51200760700937714143e-01
  +1.53370654259892991167e-01+j1.21441718574421167465e-01
  +1.91874912117303869641e-01+j7.50677683030102627093e-02
  +2.13157990972003774655e-01+j2.45539851821799902376e-02
  +2.36388540614829611997e-01-j3.41466463537463890687e-02
  +2.43852160513497034922e-01-j1.07202318727599762993e-01
</dep>
